951 3
1302
6193 19
6228
13001 42
13478
13781 43
14271 42
14804 43
15216
15531 44
15608
16205 46
16272 42
16646
16947 47
16989 46
17221 47
17253 46
17452 47
17652 46
17948 47
18443 46
19065 47
19687 46
19885 47
20083 46
36641 47
44500 46
49688 47
51853 46
59906 47
66443 46
74324 47
77429 46
80284 47
84298 46
85664 47
95983 46
99507 47
102262 46
105152 47
106997 46
114899 47
118204 46
118828 47
122352 46
124536 47
127426 46
130511 47
138344 46
139036 47
139921 46
149945 47
151937 46
159920 47
162028 46
175337 47
177006 46
177129 47
187155 46
200618 47
212983 46
214050 47
222977 46
223764 47
224506 46
229614 47
242618 46
245317 47
254818 46
254970 47
255122 46
255196 47
255270 46
255329 47
255388 46
256817 47
258246 46
258464 47
258682 46
258885 47
258970 46
259043 47
259234 46
259310 47
259386 46
259503 47
259620 46
259703 47
259786 46
269447 47
271367 46
274522 47
278111 46
283254 47
283348 46
287350 47
289975 46
291168 47
297327 46
297412 47
303912 46
303988 47
306260 46
307491 47
307652 46
315687 47
315804 46
323121 47
323687 46
328530 47
349289 46
357798 47
358693 46
359956 47
368834 46
370913 47
371669 46
373080 47
374215 46
374760 47
376359 46
380273 47
384354 46
386516 47
386894 46
387644 47
389240 46
389353 47
389803 46
389916 47
391009 46
391308 47
391607 46
391658 47
391709 46
391800 47
391891 46
392314 47
392602 46
392904 47
393146 46
394683 47
394829 46
394950 47
395282 46
395319
396835 46
400295
